       1                                                                                                                                                                                                  
    111111111                                                                                                                                                                                             
  1111111111111                                                                                                                                                                                           
  111         111                                                                                                                                                                                         
 111            11                                                                                                                                                                                        
  111      1111 1 11  2                                                                                                                                                                                   
   11111111111111138523                        1 111111111                                                     1                                                                                          
    111111 11  1  19777  1 11111111           11111111111111                           1                     1111                                                                                         
     1  1          116664211      11        1111111       11                           1               1    11  1                11                                                                       
              111111255  11 1111111111     1111                                        1              11 1111   1              1111                                                                       
             11111111 55  1 1    1   1    111 1                                      111               111111   1         1  111  11                                                                      
             11   1  114  1111       1     111 11    11111                         111 1       1    1111111 1   1 1       1111    111                                                                     
              11            1111     1      1111111111                           111   1       11111111    11   11111111111111    1                                                                       
                              1111                11  1  1                     111     1   1111111        11 111111111111    1    1                                                                       
                                 1               1 1111111 1                1111       1  1111 1     1   11111  111        111   11                                                                       
                                    11          1111111111111              111         1111  111111111111111     1111   1 11    111            111                                                        
                                   111111111    11111    11 1             11          111111111111  111  1       11 11  111    11           1111 1                                                        
                                  11 11111 11   1 1       1111           11      111111          1111111 11111  1 1   11111    1           111   1                                                        
                                  1 11   11 1 611111       11         1111   11111                     11111 1111         1    1111111111111     1                                                        
                                  1 11    1 169981111 1    1      1 111   1111                             1111 1111   1111111111111  11111     11                                                        
                                  1111    11112342 1111           111   111                                1  111  111111111       1111   1    11                                                         
                                   1 1    111 3444 1             11   111                                       11    1                  11   11                                                          
                                  11111   11   2 1            1111   11                                          111  11                11    1                                                           
                                     1111      111111111      11    11                     1111                   111  11             111   111                                                           
                                              11111111111     1    11111               111111                       11  1111      11111   111                                                             
                                             11 1 1   1 1  1111   11                 111  11                1        11   11      111   111                                                               
                                              1 1   11111   11   11                 11    1                 111111    11   1        11111                                                                 
                                              1 11    11    1    1                 11     11          1     11 1111    11  111       11                                                                   
                                              11 1   111  111    1                 1       11 11    111    11           1    111      11                                                                  
                                               1111  11    1     1                 1        11111111111    11           11     11111111111                                                                
                                                11   11    1     1                 11                 1 1  11            1               111                                                              
                                        1       1    111   1     1   111            11              111111111            1            111111                                                              
                                       111            1    1     11111111111         1111         111 111  1             1    111111111 1                                                                 
                                 1111111 111111      111   1  1111  11    1111 1        111  111111     1  111           1    1      1                                                                    
                              1111            1111         1 11  11        11111   1      1111  11    111   111          1    11                                                                          
                             11      1111111     111       111   111          1111 1         11  1111   1   11           1     1                                                                          
                            11    1111   1 1111    111  1111   1111             11111            11     11111            1     111                                                                        
                           11    11           1111   1111  111111                 11111     1 1     111111 11            1       11                                                                       
                           1    11              11111      1                        111111111111111111111  11           11        11                                                                      
                          11    11                  1111   11                          1  11111111111     11            11         11                 1                                                   
                          11    11                    1111111111                     111 11    1  1      1111          11      11111111              111                                                  
                           11   11     11111111  1     1 1                       11111 111              1111           1    1111    1           11111121111                                               
                            11   11    11     1111       11    11          1111111  1111                111           11    1                       12222111             11   1                           
                             11   11    1111     1111          11 1   1111111     111                    11           1     1                       12  222111          11111111                          
                              111  1111    1111     1111111111111111111           1     11   11111       1          111     1                      112    22211       11111111111                         
                                111111111     11111                  111111111    11111111111111        11         11       1111                  1122      2211     11        11                         
                                    1111111       11111111   111111111     1111           1111                     1          1                  112222222   2211   11        111                         
                                                         11111     1          11        111                      111          1                 1122221112    2211  111     1111      1                   
                                                              11111111        11      111                       11  1111111111111              11222211 12     221  11     11  1     11111                
                                                                    111       11    111                       111  11  1                  111 11222211  1222222 211111    111  111111111111               
                                                                   11      1111   111                     11 11  111                       1111222111   1211112 211  1    111  11111     11               
                                                                  11    11112221111 1                      111  11                        111222211     111  12 221           1111 1                      
                                                                111   1112222111 1  1                     111 111                      11112222111     111   12  21           111                         
                                                                    1112222111      11                  1112211                   1 111122222111 1    111    12  21      1111  1111                       
                                                                  11122221111        11111             1112211                 111111222221111   11   111    12  21      1121    11111111                 
                                                                1112222111           11  1           11122221    1     1 111111122222221111          111    112  211  111122111                           
                                                               1122221111            11 111       1 112222221111111111111122222222211111           11111    122  21  111222221                            
                                                            1111222211               1 11     1   1111111122222222222222222221111111 1             1111     12   21111222   211                           
                                                            111222111             1111111  1  111111     122222222221111111111                   11111    1112   2222222222 221                           
                                                           112222111              1 111    11111       11122111111111 1   1    1                1111      1122     22211112  211                          
                                                          11222211               1111     11111     1111111111           1 1111111111         11111     11122    222111  12  221                          
                                                         11222211           1   111 1    111   1 11111111               111111111111111    111111     111222  2222111 1  12   21                          
                                                        112222111         111  11      1111    111 111 1                    1      1  1  1111       111222   221111      12   2111                        
                                                        122 211          111  11      1111    111111                               1 11  1         1111112  2211         12   21                          
                                                       112 221         11111111       111    11 11                                1111           11111  12 2211          12   21                          
                                                       122 211        111           11111   11 11                             111111            111    1122211           12   21                          
                                                       12  21         11             111 1111  1                           1111111            1111    1122211            12   21                          
                                                      112  211        11       111  111    1  11                       111111111           111111    1122211             12  221                          
                                                      122  21         11       11   1 1   11  1                          1    11         11111  1  11122211             112  211                          
                                                      12   21         111     11    1 1  11   1                               111 1111111111      11122211              122 221                           
                                                      12   21          111  1111    1 11  11  1                        1     11111111111  1     1112222111              12  211                           
                                                      12   21            11111      111    1  111                 1 1  11 11111  1       111    11222211               112 221                            
                                                      12   21                       111    11  1                  11111111111       111111 11 111222111               1122 2111                           
                                                      122  211                      1111    11 11 1               1111111  1      111       111222211                 112 221                             
                                                      112  21                         111   111 111                               1       11122221111                11222211                             
                                                       12  211                         111    11 11                                     1112222111  1               11222211                              
                                                       12  2211                        1111  1 1111111                           1   11112222111                   11222211                               
                                                       122  211                        1  1111   12221111                        1111122222111     11             11222211                                
                                                       112222211                            1111112 222211111   1  1       11111112222221111        111         111222211                                 
                                                        11122221                              1111222222222211111111111111112222222221111            11        112222111                                  
                                                          11222111      1                        1111111222222222222222222222221111111        11111  11    1 111222111                                    
                                                           11222111   111                        1     1111111111122211121111111 1          11111 1  11    1112222211                                     
                                                            11222211  1111                     1111    1    1    11111 1111        111  11111111    11   111222221111                                     
                                                             1122221111221111                      1111111111         1   111111   1  1111 111      1  11122222111 1                                      
                                                              11122222222221111                       1  1  1    11111111111 1 1   1111  111        111122222111 11                                       
                                                                111222    22221111             11111111111111        1111 1  1  1111221111      11111222222111    11                                      
                                                                  1112222    222211111             1111111                1111111222221 1   1111122222222111    111 1                                     
                                                                    111122      2222211111111 1          11       1 11111111222222333211111112222232211111      1111111                                   
                                                                       112          222222211111111111111111111111111222222223333334322222222233333211             1                                      
                                   1      1     1  111        11  1     12                22222222222222222222222222223333333333333333333333333333321                    11                               
                                   111111111111111111111111111111111111112222222222222222222222222222222222222222222222222222222222222222222222222221111111111111111111111                                
                                         1111111111111111111111111111111111111111111111111111111111111111111111111111111111111111111111111111111111111111111111111111 111                                 
                                            1 1      1   1        1     1 1                     1          1 1           1                    1                 11                                        
                                                11111111 1                                  11111            1          11111  1                                                                          
                                              111   11111                                     1             111       1111111111                                                                          
                                                      11                                                             11   1    11                                                                         
                                                    111                                                              11        1                                                                          
                                                    11                                                                111                                                                                 
                                                                                                                     11 1                                                               
